Version:1.0 StartHTML:0000000107 EndHTML:0000012549 StartFragment:0000000127 EndFragment:0000012531 
Call:
glm(formula = y ~ ., family = binomial(link = logit), data = training_data)

Deviance Residuals: 
    Min       1Q   Median       3Q      Max  
-2.5649  -1.1374   0.6331   0.8558   1.8123  

Coefficients: (7 not defined because of singularities)
              Estimate Std. Error z value Pr(>|z|)   
(Intercept) -1.159e+00  1.304e+00  -0.889  0.37409   
wtdrd1      -2.939e-06  2.415e-06  -1.217  0.22364   
wtdr2d       1.443e-06  1.893e-06   0.762  0.44595   
dr1drstz            NA         NA      NA       NA   
dr1exmer    -4.211e-04  2.009e-03  -0.210  0.83400   
drabf               NA         NA      NA       NA   
drdint              NA         NA      NA       NA   
dr1dbih     -4.013e-03  6.020e-03  -0.667  0.50499   
dr1day      -3.772e-02  2.237e-02  -1.686  0.09180 . 
dr1lang     -3.100e-01  1.518e-01  -2.042  0.04112 * 
dr1mresp     3.758e-02  1.567e-01   0.240  0.81050   
dr1help      9.515e-02  8.143e-02   1.169  0.24259   
dbq095z     -1.018e-02  4.674e-03  -2.177  0.02945 * 
drqsprep     3.091e-02  4.072e-02   0.759  0.44769   
dr1sty      -1.739e-02  9.301e-02  -0.187  0.85166   
drqsdiet    -3.268e-01  1.329e-01  -2.459  0.01394 * 
dr1tnumf    -1.410e-02  1.866e-02  -0.755  0.45004   
dr1tkcal     1.042e-02  3.494e-03   2.982  0.00287 **
dr1tprot    -3.916e-02  1.743e-02  -2.246  0.02467 * 
dr1tcarb    -4.135e-02  1.447e-02  -2.857  0.00428 **
dr1tsugr     2.392e-03  2.955e-03   0.810  0.41821   
dr1tfibe     5.491e-03  1.937e-02   0.284  0.77678   
dr1ttfat    -7.731e-02  4.470e-02  -1.730  0.08369 . 
dr1tsfat    -7.183e-02  1.266e-01  -0.567  0.57048   
dr1tmfat    -8.079e-02  2.052e-01  -0.394  0.69375   
dr1tpfat     3.716e-01  2.683e-01   1.385  0.16605   
dr1tchol     2.121e-03  1.664e-03   1.274  0.20265   
dr1tatoc     7.819e-02  3.913e-02   1.998  0.04570 * 
dr1tatoa    -2.884e-02  6.357e-02  -0.454  0.65006   
dr1tret     -1.650e-02  2.766e-02  -0.597  0.55078   
dr1tvara     1.694e-02  2.766e-02   0.612  0.54026   
dr1tacar    -5.584e-04  1.186e-03  -0.471  0.63773   
dr1tbcar    -1.453e-03  2.302e-03  -0.631  0.52784   
dr1tcryp    -6.696e-04  1.289e-03  -0.519  0.60344   
dr1tlyco    -2.934e-05  2.274e-05  -1.290  0.19701   
dr1tlz      -1.968e-04  1.123e-04  -1.753  0.07959 . 
dr1tvb1      6.018e-02  2.522e-01   0.239  0.81143   
dr1tvb2     -1.067e-01  2.055e-01  -0.519  0.60376   
dr1tniac    -1.270e-03  1.828e-02  -0.069  0.94462   
dr1tvb6     -1.161e-01  1.914e-01  -0.607  0.54400   
dr1tfola     2.201e-02  4.579e-02   0.481  0.63079   
dr1tfa       4.638e-02  5.194e-02   0.893  0.37194   
dr1tff       1.743e-02  3.790e-02   0.460  0.64566   
dr1tfdfe    -4.024e-02  3.816e-02  -1.054  0.29173   
dr1tchl     -3.360e-03  1.603e-03  -2.096  0.03611 * 
dr1tvb12     2.517e-02  6.889e-02   0.365  0.71486   
dr1tb12a    -1.992e-01  1.174e-01  -1.697  0.08961 . 
dr1tvc       1.634e-03  1.679e-03   0.973  0.33048   
dr1tvd       3.121e-02  4.252e-02   0.734  0.46293   
dr1tvk       6.345e-03  2.226e-03   2.851  0.00436 **
dr1tcalc     2.140e-04  3.658e-04   0.585  0.55862   
dr1tphos     3.921e-04  4.551e-04   0.862  0.38884   
dr1tmagn    -1.813e-03  1.915e-03  -0.947  0.34370   
dr1tiron     5.371e-02  2.905e-02   1.849  0.06449 . 
dr1tzinc    -3.539e-02  3.836e-02  -0.922  0.35628   
dr1tcopp     1.685e-01  3.636e-01   0.463  0.64303   
dr1tsodi    -4.399e-05  1.004e-04  -0.438  0.66112   
dr1tpota     5.666e-05  1.957e-04   0.290  0.77216   
dr1tsele    -6.054e-03  4.102e-03  -1.476  0.14004   
dr1tcaff     1.821e-03  8.960e-04   2.033  0.04206 * 
dr1ttheo    -8.108e-03  2.885e-03  -2.811  0.00495 **
dr1talco    -6.423e-02  2.546e-02  -2.523  0.01164 * 
dr1tmois    -6.354e-05  9.856e-05  -0.645  0.51909   
dr1ts040     2.588e-01  8.041e-01   0.322  0.74756   
dr1ts060     1.910e+00  1.689e+00   1.131  0.25807   
dr1ts080    -3.026e+00  1.893e+00  -1.598  0.10998   
dr1ts100    -8.065e-02  1.542e+00  -0.052  0.95829   
dr1ts120     2.846e-01  2.939e-01   0.968  0.33293   
dr1ts140     1.677e-01  3.480e-01   0.482  0.62985   
dr1ts160    -1.629e-02  1.375e-01  -0.118  0.90573   
dr1ts180     7.415e-02  1.484e-01   0.500  0.61740   
dr1tm161     5.372e-01  3.601e-01   1.492  0.13574   
dr1tm181     6.105e-02  2.076e-01   0.294  0.76872   
dr1tm201     4.378e-01  9.005e-01   0.486  0.62688   
dr1tm221     2.314e+00  3.783e+00   0.612  0.54070   
dr1tp182    -4.183e-01  2.685e-01  -1.558  0.11916   
dr1tp183    -4.052e-01  3.161e-01  -1.282  0.19989   
dr1tp184    -3.673e-01  6.160e+00  -0.060  0.95245   
dr1tp204     9.602e-02  2.347e+00   0.041  0.96736   
dr1tp205    -4.089e-01  4.088e+00  -0.100  0.92032   
dr1tp225    -9.794e+00  8.140e+00  -1.203  0.22889   
dr1tp226    -6.188e-01  2.597e+00  -0.238  0.81165   
dr1.300     -3.888e-02  6.579e-02  -0.591  0.55452   
dr1.320z     1.314e-04  1.103e-04   1.192  0.23342   
dr1.330z    -1.433e-04  7.809e-05  -1.836  0.06641 . 
dr1bwatz            NA         NA      NA       NA   
dr1tws       2.587e-03  2.766e-03   0.935  0.34959   
drd340      -5.791e-02  8.692e-02  -0.666  0.50526   
drd360       8.832e-02  8.408e-02   1.050  0.29355   
dr2drstz            NA         NA      NA       NA   
dr2exmer     4.012e-03  2.463e-03   1.628  0.10343   
dr2dbih      4.569e-03  4.325e-03   1.056  0.29081   
dr2day      -3.984e-02  2.850e-02  -1.398  0.16222   
dr2lang      2.898e-01  1.626e-01   1.783  0.07466 . 
dr2mresp     2.354e-02  7.998e-02   0.294  0.76856   
dr2help      3.929e-02  3.524e-02   1.115  0.26486   
dr2tnumf     2.631e-02  1.081e-02   2.435  0.01491 * 
dr2sty      -8.368e-02  1.078e-01  -0.776  0.43774   
dr2tkcal    -6.398e-03  3.587e-03  -1.784  0.07444 . 
dr2tprot     3.409e-02  1.658e-02   2.057  0.03972 * 
dr2tcarb     2.822e-02  1.488e-02   1.896  0.05793 . 
dr2tsugr    -2.834e-03  2.250e-03  -1.259  0.20788   
dr2tfibe    -6.814e-03  1.329e-02  -0.513  0.60828   
dr2ttfat     2.744e-02  4.298e-02   0.638  0.52318   
dr2tsfat     7.131e-02  1.124e-01   0.635  0.52561   
dr2tmfat    -5.302e-02  1.342e-01  -0.395  0.69288   
dr2tpfat     3.446e-01  3.413e-01   1.009  0.31276   
dr2tchol    -1.276e-03  9.031e-04  -1.413  0.15758   
dr2tatoc    -9.338e-03  2.075e-02  -0.450  0.65277   
dr2tatoa    -1.880e-02  2.676e-02  -0.703  0.48226   
dr2tret      2.940e-02  2.582e-02   1.139  0.25489   
dr2tvara    -2.965e-02  2.583e-02  -1.148  0.25115   
dr2tacar     1.307e-03  1.077e-03   1.213  0.22500   
dr2tbcar     2.441e-03  2.153e-03   1.133  0.25705   
dr2tcryp     1.269e-03  1.092e-03   1.162  0.24518   
dr2tlyco     1.188e-05  6.674e-06   1.780  0.07512 . 
dr2tlz       2.132e-05  3.734e-05   0.571  0.56802   
dr2tvb1      4.431e-02  1.094e-01   0.405  0.68544   
dr2tvb2     -5.648e-02  1.113e-01  -0.508  0.61177   
dr2tniac    -1.188e-02  1.147e-02  -1.035  0.30048   
dr2tvb6     -1.602e-02  9.645e-02  -0.166  0.86805   
dr2tfola    -4.272e-02  4.592e-02  -0.930  0.35225   
dr2tfa      -1.387e-01  5.593e-02  -2.480  0.01313 * 
dr2tff      -6.516e-02  3.911e-02  -1.666  0.09573 . 
dr2tfdfe     1.071e-01  4.108e-02   2.606  0.00916 **
dr2tchl      4.120e-04  1.146e-03   0.359  0.71929   
dr2tvb12     6.491e-03  2.564e-02   0.253  0.80018   
dr2tb12a     3.013e-02  5.316e-02   0.567  0.57087   
dr2tvc       9.207e-05  8.153e-04   0.113  0.91009   
dr2tvd      -5.107e-03  1.553e-02  -0.329  0.74229   
dr2tvk       3.462e-04  8.254e-04   0.419  0.67489   
dr2tcalc    -2.357e-04  2.213e-04  -1.065  0.28680   
dr2tphos     5.240e-04  3.381e-04   1.550  0.12126   
dr2tmagn    -2.018e-03  1.187e-03  -1.700  0.08910 . 
dr2tiron    -3.664e-04  1.312e-02  -0.028  0.97771   
dr2tzinc     2.908e-03  1.428e-02   0.204  0.83868   
dr2tcopp     9.853e-02  1.329e-01   0.741  0.45859   
dr2tsodi    -5.442e-05  6.316e-05  -0.862  0.38884   
dr2tpota    -1.224e-04  1.202e-04  -1.018  0.30871   
dr2tsele    -1.564e-03  2.016e-03  -0.776  0.43772   
dr2tcaff     7.968e-04  5.035e-04   1.583  0.11353   
dr2ttheo     5.081e-04  8.721e-04   0.583  0.56021   
dr2talco     4.412e-02  2.528e-02   1.745  0.08097 . 
dr2tmois     4.980e-05  1.078e-04   0.462  0.64399   
dr2ts040     4.342e-01  4.898e-01   0.886  0.37537   
dr2ts060     4.820e-01  8.583e-01   0.562  0.57443   
dr2ts080     1.681e+00  8.706e-01   1.931  0.05344 . 
dr2ts100    -1.863e-01  8.102e-01  -0.230  0.81814   
dr2ts120    -1.316e-01  1.595e-01  -0.825  0.40932   
dr2ts140    -4.375e-01  2.404e-01  -1.820  0.06875 . 
dr2ts160     5.673e-03  1.097e-01   0.052  0.95874   
dr2ts180    -1.218e-01  1.199e-01  -1.016  0.30969   
dr2tm161     2.253e-01  2.140e-01   1.053  0.29249   
dr2tm181     9.056e-02  1.353e-01   0.669  0.50329   
dr2tm201    -1.984e-01  3.749e-01  -0.529  0.59673   
dr2tm221     1.850e-01  6.762e-01   0.274  0.78439   
dr2tp182    -3.137e-01  3.426e-01  -0.916  0.35991   
dr2tp183    -3.748e-01  3.463e-01  -1.082  0.27912   
dr2tp184    -2.102e-01  1.885e+00  -0.111  0.91123   
dr2tp204     6.770e-01  1.277e+00   0.530  0.59613   
dr2tp205    -2.437e-01  1.269e+00  -0.192  0.84766   
dr2tp225    -1.405e+00  2.649e+00  -0.531  0.59572   
dr2tp226    -2.849e-01  9.017e-01  -0.316  0.75205   
dr2.300      2.124e-01  9.206e-02   2.307  0.02105 * 
dr2.320z    -2.634e-05  1.250e-04  -0.211  0.83311   
dr2.330z     1.239e-04  8.358e-05   1.483  0.13807   
dr2bwatz            NA         NA      NA       NA   
dr2tws              NA         NA      NA       NA   
dr1igrms.x  -5.992e-03  4.399e-03  -1.362  0.17312   
dr1ikcal.x  -7.107e-04  2.648e-03  -0.268  0.78843   
dr1iprot.x  -7.061e-02  4.768e-02  -1.481  0.13863   
dr1icarb.x   2.415e-03  1.587e-02   0.152  0.87904   
dr1isugr.x   3.485e-03  1.450e-02   0.240  0.81000   
dr1ifibe.x   7.794e-02  1.036e-01   0.752  0.45196   
dr1itfat.x  -2.135e-01  1.257e-01  -1.698  0.08960 . 
dr1isfat.x  -3.613e-01  4.359e-01  -0.829  0.40718   
dr1imfat.x   1.306e+00  1.012e+00   1.291  0.19686   
dr1ipfat.x  -1.656e+00  1.081e+00  -1.533  0.12539   
dr1ichol.x  -1.047e-02  8.137e-03  -1.286  0.19836   
dr1iatoc.x  -4.304e-01  2.072e-01  -2.077  0.03783 * 
dr1iatoa.x   2.212e-01  2.709e-01   0.816  0.41425   
dr1iret.x   -6.180e-03  4.122e-03  -1.499  0.13379   
dr1ivara.x   4.810e-03  3.309e-03   1.454  0.14598   
dr1iacar.x  -1.222e-03  9.514e-04  -1.285  0.19887   
dr1ibcar.x   5.677e-06  4.208e-04   0.013  0.98924   
dr1icryp.x  -2.562e-04  1.775e-03  -0.144  0.88526   
dr1ilyco.x   1.338e-04  9.801e-05   1.365  0.17218   
dr1ilz.x     9.430e-04  5.346e-04   1.764  0.07774 . 
dr1ivb1.x   -1.354e+00  1.330e+00  -1.018  0.30872   
dr1ivb2.x    2.194e-01  1.030e+00   0.213  0.83126   
dr1iniac.x   3.606e-02  1.024e-01   0.352  0.72479   
dr1ivb6.x    8.956e-01  1.031e+00   0.868  0.38521   
dr1ifola.x   7.375e-02  5.581e-02   1.321  0.18636   
dr1ifa.x     1.978e-02  2.437e-02   0.812  0.41690   
dr1iff.x    -2.117e-02  1.632e-02  -1.297  0.19446   
dr1ifdfe.x  -5.210e-02  4.541e-02  -1.147  0.25123   
dr1ichl.x    9.558e-03  8.796e-03   1.087  0.27720   
dr1ivb12.x  -6.615e-02  2.874e-01  -0.230  0.81793   
dr1ib12a.x   8.998e-01  4.840e-01   1.859  0.06305 . 
dr1ivc.x    -8.813e-03  8.216e-03  -1.073  0.28344   
 [ reached getOption("max.print") -- omitted 34 rows ]
---
Signif. codes:  0 ‘***’ 0.001 ‘**’ 0.01 ‘*’ 0.05 ‘.’ 0.1 ‘ ’ 1

(Dispersion parameter for binomial family taken to be 1)

    Null deviance: 3445.7  on 2839  degrees of freedom
Residual deviance: 3130.6  on 2613  degrees of freedom
  (774 observations deleted due to missingness)
AIC: 3584.6

Number of Fisher Scoring iterations: 5

最重要的十个变量：
dr1tkcal 
dr1tcarb 
dr1tvk
dr1ttheo
dr2tfdfe
drqsdiet 
dr1talco
dr2tnumf
dr2tfa 
dr2.300
